iteration= 1
(0,0,0):-1=[0.0]
(0,0,1):-1=[0.0]
(0,0,2):-1=[0.0]
(0,1,0):-1=[0.0]
(0,1,1):-1=[0.0]
(0,1,2):-1=[0.0]
(0,2,0):-1=[0.0]
(0,2,1):-1=[0.0]
(0,2,2):-1=[0.0]
(0,3,0):-1=[0.0]
(0,3,1):-1=[0.0]
(0,3,2):-1=[0.0]
(1,0,0):RECHARGE=[-2.5]
(1,0,1):RECHARGE=[-2.5]
(1,0,2):RECHARGE=[-2.5]
(1,1,0):RECHARGE=[-2.5]
(1,1,1):SHOOT=[2.375]
(1,1,2):SHOOT=[2.375]
(1,2,0):RECHARGE=[-2.5]
(1,2,1):SHOOT=[2.375]
(1,2,2):SHOOT=[2.61875]
(1,3,0):RECHARGE=[-2.5]
(1,3,1):SHOOT=[2.375]
(1,3,2):SHOOT=[2.61875]
(2,0,0):RECHARGE=[-2.5]
(2,0,1):RECHARGE=[-2.5]
(2,0,2):RECHARGE=[-2.5]
(2,1,0):RECHARGE=[-2.5]
(2,1,1):SHOOT=[2.25]
(2,1,2):SHOOT=[2.25]
(2,2,0):RECHARGE=[-2.5]
(2,2,1):SHOOT=[2.25]
(2,2,2):SHOOT=[2.73125]
(2,3,0):RECHARGE=[-2.5]
(2,3,1):SHOOT=[2.25]
(2,3,2):SHOOT=[2.73125]
(3,0,0):RECHARGE=[-2.5]
(3,0,1):RECHARGE=[-2.5]
(3,0,2):RECHARGE=[-2.5]
(3,1,0):RECHARGE=[-2.5]
(3,1,1):SHOOT=[2.25]
(3,1,2):SHOOT=[2.25]
(3,2,0):RECHARGE=[-2.5]
(3,2,1):SHOOT=[2.25]
(3,2,2):SHOOT=[2.7249999999999996]
(3,3,0):RECHARGE=[-2.5]
(3,3,1):SHOOT=[2.25]
(3,3,2):SHOOT=[2.7249999999999996]
(4,0,0):RECHARGE=[-2.5]
(4,0,1):RECHARGE=[-2.5]
(4,0,2):RECHARGE=[-2.5]
(4,1,0):RECHARGE=[-2.5]
(4,1,1):SHOOT=[2.25]
(4,1,2):SHOOT=[2.25]
(4,2,0):RECHARGE=[-2.5]
(4,2,1):SHOOT=[2.25]
(4,2,2):SHOOT=[2.7249999999999996]
(4,3,0):RECHARGE=[-2.5]
(4,3,1):SHOOT=[2.25]
(4,3,2):SHOOT=[2.7249999999999996]


iteration= 2
(0,0,0):-1=[0.0]
(0,0,1):-1=[0.0]
(0,0,2):-1=[0.0]
(0,1,0):-1=[0.0]
(0,1,1):-1=[0.0]
(0,1,2):-1=[0.0]
(0,2,0):-1=[0.0]
(0,2,1):-1=[0.0]
(0,2,2):-1=[0.0]
(0,3,0):-1=[0.0]
(0,3,1):-1=[0.0]
(0,3,2):-1=[0.0]
(1,0,0):RECHARGE=[-2.75]
(1,0,1):RECHARGE=[-2.75]
(1,0,2):DODGE=[-2.4430000000000005]
(1,1,0):RECHARGE=[-2.3600000000000003]
(1,1,1):SHOOT=[2.3625]
(1,1,2):SHOOT=[2.3625]
(1,2,0):RECHARGE=[-2.3600000000000003]
(1,2,1):SHOOT=[2.3819999999999997]
(1,2,2):SHOOT=[2.618125]
(1,3,0):RECHARGE=[-2.3600000000000003]
(1,3,1):SHOOT=[2.3819999999999997]
(1,3,2):SHOOT=[2.6191]
(2,0,0):RECHARGE=[-2.75]
(2,0,1):RECHARGE=[-2.75]
(2,0,2):DODGE=[-2.451]
(2,1,0):RECHARGE=[-2.37]
(2,1,1):SHOOT=[2.2249999999999996]
(2,1,2):SHOOT=[2.2249999999999996]
(2,2,0):RECHARGE=[-2.37]
(2,2,1):SHOOT=[2.2635]
(2,2,2):SHOOT=[2.729375]
(2,3,0):RECHARGE=[-2.37]
(2,3,1):SHOOT=[2.2635]
(2,3,2):SHOOT=[2.732275]
(3,0,0):RECHARGE=[-2.75]
(3,0,1):RECHARGE=[-2.75]
(3,0,2):DODGE=[-2.451]
(3,1,0):RECHARGE=[-2.37]
(3,1,1):SHOOT=[2.2249999999999996]
(3,1,2):SHOOT=[2.2249999999999996]
(3,2,0):RECHARGE=[-2.37]
(3,2,1):SHOOT=[2.263]
(3,2,2):SHOOT=[2.7225]
(3,3,0):RECHARGE=[-2.37]
(3,3,1):SHOOT=[2.263]
(3,3,2):SHOOT=[2.726325]
(4,0,0):RECHARGE=[-2.75]
(4,0,1):RECHARGE=[-2.75]
(4,0,2):DODGE=[-2.451]
(4,1,0):RECHARGE=[-2.37]
(4,1,1):SHOOT=[2.2249999999999996]
(4,1,2):SHOOT=[2.2249999999999996]
(4,2,0):RECHARGE=[-2.37]
(4,2,1):SHOOT=[2.263]
(4,2,2):SHOOT=[2.7225]
(4,3,0):RECHARGE=[-2.37]
(4,3,1):SHOOT=[2.263]
(4,3,2):SHOOT=[2.7263]


iteration= 3
(0,0,0):-1=[0.0]
(0,0,1):-1=[0.0]
(0,0,2):-1=[0.0]
(0,1,0):-1=[0.0]
(0,1,1):-1=[0.0]
(0,1,2):-1=[0.0]
(0,2,0):-1=[0.0]
(0,2,1):-1=[0.0]
(0,2,2):-1=[0.0]
(0,3,0):-1=[0.0]
(0,3,1):-1=[0.0]
(0,3,2):-1=[0.0]
(1,0,0):RECHARGE=[-2.7750000000000004]
(1,0,1):DODGE=[-2.7443]
(1,0,2):DODGE=[-2.4415688]
(1,1,0):RECHARGE=[-2.3582]
(1,1,1):SHOOT=[2.36125]
(1,1,2):SHOOT=[2.3627849999999997]
(1,2,0):RECHARGE=[-2.35664]
(1,2,1):SHOOT=[2.38209]
(1,2,2):SHOOT=[2.6180624999999997]
(1,3,0):RECHARGE=[-2.35664]
(1,3,1):SHOOT=[2.382168]
(1,3,2):SHOOT=[2.6191044999999997]
(2,0,0):RECHARGE=[-2.7750000000000004]
(2,0,1):DODGE=[-2.7451]
(2,0,2):DODGE=[-2.4505416]
(2,1,0):RECHARGE=[-2.3694]
(2,1,1):SHOOT=[2.2225]
(2,1,2):SHOOT=[2.22553]
(2,2,0):RECHARGE=[-2.36632]
(2,2,1):SHOOT=[2.2636199999999995]
(2,2,2):SHOOT=[2.7291875]
(2,3,0):RECHARGE=[-2.36632]
(2,3,1):SHOOT=[2.263852]
(2,3,2):SHOOT=[2.7322855]
(3,0,0):RECHARGE=[-2.7750000000000004]
(3,0,1):DODGE=[-2.7451]
(3,0,2):DODGE=[-2.4505416]
(3,1,0):RECHARGE=[-2.3694]
(3,1,1):SHOOT=[2.2225]
(3,1,2):SHOOT=[2.2254899999999997]
(3,2,0):RECHARGE=[-2.36636]
(3,2,1):SHOOT=[2.2630600000000003]
(3,2,2):SHOOT=[2.72225]
(3,3,0):RECHARGE=[-2.36636]
(3,3,1):SHOOT=[2.263366]
(3,3,2):SHOOT=[2.726334]
(4,0,0):RECHARGE=[-2.7750000000000004]
(4,0,1):DODGE=[-2.7451]
(4,0,2):DODGE=[-2.4505416]
(4,1,0):RECHARGE=[-2.3694]
(4,1,1):SHOOT=[2.2225]
(4,1,2):SHOOT=[2.2254899999999997]
(4,2,0):RECHARGE=[-2.36636]
(4,2,1):SHOOT=[2.2630600000000003]
(4,2,2):SHOOT=[2.72225]
(4,3,0):RECHARGE=[-2.36636]
(4,3,1):SHOOT=[2.263364]
(4,3,2):SHOOT=[2.726306]


iteration= 4
(0,0,0):-1=[0.0]
(0,0,1):-1=[0.0]
(0,0,2):-1=[0.0]
(0,1,0):-1=[0.0]
(0,1,1):-1=[0.0]
(0,1,2):-1=[0.0]
(0,2,0):-1=[0.0]
(0,2,1):-1=[0.0]
(0,2,2):-1=[0.0]
(0,3,0):-1=[0.0]
(0,3,1):-1=[0.0]
(0,3,2):-1=[0.0]
(1,0,0):RECHARGE=[-2.7750440000000003]
(1,0,1):DODGE=[-2.7441568800000002]
(1,0,2):DODGE=[-2.4416178860800004]
(1,1,0):RECHARGE=[-2.358264]
(1,1,1):SHOOT=[2.3612478]
(1,1,2):SHOOT=[2.3627921560000003]
(1,2,0):RECHARGE=[-2.3565656]
(1,2,1):SHOOT=[2.3820867999999997]
(1,2,2):SHOOT=[2.61806239]
(1,3,0):RECHARGE=[-2.3565593600000003]
(1,3,1):SHOOT=[2.38217172]
(1,3,2):SHOOT=[2.61910434]
(2,0,0):RECHARGE=[-2.775108]
(2,0,1):DODGE=[-2.7450541600000005]
(2,0,2):DODGE=[-2.4506916985600005]
(2,1,0):RECHARGE=[-2.3695880000000002]
(2,1,1):SHOOT=[2.2224924]
(2,1,2):SHOOT=[2.2255394479999997]
(2,2,0):RECHARGE=[-2.3662368000000003]
(2,2,1):SHOOT=[2.2636074]
(2,2,2):SHOOT=[2.72918701]
(2,3,0):RECHARGE=[-2.3662182400000003]
(2,3,1):SHOOT=[2.26385988]
(2,3,2):SHOOT=[2.73228471]
(3,0,0):RECHARGE=[-2.775108]
(3,0,1):DODGE=[-2.7450541600000005]
(3,0,2):DODGE=[-2.4506916985600005]
(3,1,0):RECHARGE=[-2.3695880000000002]
(3,1,1):SHOOT=[2.2224892]
(3,1,2):SHOOT=[2.2254945839999998]
(3,2,0):RECHARGE=[-2.3662824000000002]
(3,2,1):SHOOT=[2.2630412]
(3,2,2):SHOOT=[2.72224908]
(3,3,0):RECHARGE=[-2.3662579200000002]
(3,3,1):SHOOT=[2.26337404]
(3,3,2):SHOOT=[2.72633243]
(4,0,0):RECHARGE=[-2.775108]
(4,0,1):DODGE=[-2.7450541600000005]
(4,0,2):DODGE=[-2.4506916985600005]
(4,1,0):RECHARGE=[-2.3695880000000002]
(4,1,1):SHOOT=[2.2224892]
(4,1,2):SHOOT=[2.2254945839999998]
(4,2,0):RECHARGE=[-2.3662824000000002]
(4,2,1):SHOOT=[2.2630412]
(4,2,2):SHOOT=[2.72224892]
(4,3,0):RECHARGE=[-2.3662580799999997]
(4,3,1):SHOOT=[2.26337176]
(4,3,2):SHOOT=[2.72630412]


iteration= 5
(0,0,0):-1=[0.0]
(0,0,1):-1=[0.0]
(0,0,2):-1=[0.0]
(0,1,0):-1=[0.0]
(0,1,1):-1=[0.0]
(0,1,2):-1=[0.0]
(0,2,0):-1=[0.0]
(0,2,1):-1=[0.0]
(0,2,2):-1=[0.0]
(0,3,0):-1=[0.0]
(0,3,1):-1=[0.0]
(0,3,2):-1=[0.0]
(1,0,0):RECHARGE=[-2.7750334303999997]
(1,0,1):DODGE=[-2.7441617886080003]
(1,0,2):DODGE=[-2.4416190871393284]
(1,1,0):RECHARGE=[-2.3582654560000003]
(1,1,1):SHOOT=[2.3612483284800003]
(1,1,2):SHOOT=[2.3627919105696]
(1,2,0):RECHARGE=[-2.356564368]
(1,2,1):SHOOT=[2.3820867272]
(1,2,2):SHOOT=[2.6180624164240003]
(1,3,0):RECHARGE=[-2.3565574496]
(1,3,1):SHOOT=[2.3821717816000003]
(1,3,2):SHOOT=[2.61910433636]
(2,0,0):RECHARGE=[-2.7751064928000004]
(2,0,1):DODGE=[-2.745069169856]
(2,0,2):DODGE=[-2.4506954270888963]
(2,1,0):RECHARGE=[-2.369592368]
(2,1,1):SHOOT=[2.22249300384]
(2,1,2):SHOOT=[2.2255384520768]
(2,2,0):RECHARGE=[-2.366236144]
(2,2,1):SHOOT=[2.2636071087999996]
(2,2,2):SHOOT=[2.729187066616]
(2,3,0):RECHARGE=[-2.3662155744]
(2,3,1):SHOOT=[2.2638599744]
(2,3,2):SHOOT=[2.7322846918]
(3,0,0):RECHARGE=[-2.7751064928000004]
(3,0,1):DODGE=[-2.745069169856]
(3,0,2):DODGE=[-2.450695631888896]
(3,1,0):RECHARGE=[-2.369592624]
(3,1,1):SHOOT=[2.22248935072]
(3,1,2):SHOOT=[2.2254930830144]
(3,2,0):RECHARGE=[-2.3662823520000003]
(3,2,1):SHOOT=[2.2630407504]
(3,2,2):SHOOT=[2.722249117728]
(3,3,0):RECHARGE=[-2.3662552352]
(3,3,1):SHOOT=[2.2633740752]
(3,3,2):SHOOT=[2.72633239296]
(4,0,0):RECHARGE=[-2.7751064928000004]
(4,0,1):DODGE=[-2.745069169856]
(4,0,2):DODGE=[-2.450695631888896]
(4,1,0):RECHARGE=[-2.369592624]
(4,1,1):SHOOT=[2.22248935072]
(4,1,2):SHOOT=[2.2254930830144]
(4,2,0):RECHARGE=[-2.3662823520000003]
(4,2,1):SHOOT=[2.2630407376]
(4,2,2):SHOOT=[2.722248935072]
(4,3,0):RECHARGE=[-2.3662554208]
(4,3,1):SHOOT=[2.2633717647999996]
(4,3,2):SHOOT=[2.7263040743999998]


iteration= 6
(0,0,0):-1=[0.0]
(0,0,1):-1=[0.0]
(0,0,2):-1=[0.0]
(0,1,0):-1=[0.0]
(0,1,1):-1=[0.0]
(0,1,2):-1=[0.0]
(0,2,0):-1=[0.0]
(0,2,1):-1=[0.0]
(0,2,2):-1=[0.0]
(0,3,0):-1=[0.0]
(0,3,1):-1=[0.0]
(0,3,2):-1=[0.0]
(1,0,0):RECHARGE=[-2.77503361169664]
(1,0,1):DODGE=[-2.744161908713933]
(1,0,2):DODGE=[-2.4416190792594894]
(1,1,0):RECHARGE=[-2.3582654428416]
(1,1,1):SHOOT=[2.361248319415168]
(1,1,2):SHOOT=[2.362791904564303]
(1,2,0):RECHARGE=[-2.356564349184]
(1,2,1):SHOOT=[2.38208672785792]
(1,2,2):SHOOT=[2.6180624159707584]
(1,3,0):RECHARGE=[-2.356557406464]
(1,3,1):SHOOT=[2.3821717825407998]
(1,3,2):SHOOT=[2.619104336392896]
(2,0,0):RECHARGE=[-2.77510766344448]
(2,0,1):DODGE=[-2.74506954270889]
(2,0,2):DODGE=[-2.4506954689793607]
(2,1,0):RECHARGE=[-2.3695924070528003]
(2,1,1):SHOOT=[2.222492936242944]
(2,1,2):SHOOT=[2.2255384274288588]
(2,2,0):RECHARGE=[-2.366236154176]
(2,2,1):SHOOT=[2.2636071075052797]
(2,2,2):SHOOT=[2.7291870627829056]
(2,3,0):RECHARGE=[-2.366215513536]
(2,3,1):SHOOT=[2.263859974832]
(2,3,2):SHOOT=[2.73228469176816]
(3,0,0):RECHARGE=[-2.77510766344448]
(3,0,1):DODGE=[-2.7450695631888897]
(3,0,2):DODGE=[-2.450695707202721]
(3,1,0):RECHARGE=[-2.3695927044224003]
(3,1,1):SHOOT=[2.222489233655552]
(3,1,2):SHOOT=[2.225493044705111]
(3,2,0):RECHARGE=[-2.3662823870080003]
(3,2,1):SHOOT=[2.26304074442624]
(3,2,2):SHOOT=[2.7222491084949247]
(3,3,0):RECHARGE=[-2.366255178688]
(3,3,1):SHOOT=[2.2633740729408]
(3,3,2):SHOOT=[2.726332392596576]
(4,0,0):RECHARGE=[-2.77510766344448]
(4,0,1):DODGE=[-2.7450695631888897]
(4,0,2):DODGE=[-2.450695707202721]
(4,1,0):RECHARGE=[-2.3695927044224003]
(4,1,1):SHOOT=[2.222489233655552]
(4,1,2):SHOOT=[2.2254930436811113]
(4,2,0):RECHARGE=[-2.366282388032]
(4,2,1):SHOOT=[2.26304072955776]
(4,2,2):SHOOT=[2.722248923365555]
(4,3,0):RECHARGE=[-2.366255367232]
(4,3,1):SHOOT=[2.263371761248]
(4,3,2):SHOOT=[2.7263040736992004]


iteration= 7
(0,0,0):-1=[0.0]
(0,0,1):-1=[0.0]
(0,0,2):-1=[0.0]
(0,1,0):-1=[0.0]
(0,1,1):-1=[0.0]
(0,1,2):-1=[0.0]
(0,2,0):-1=[0.0]
(0,2,1):-1=[0.0]
(0,2,2):-1=[0.0]
(0,3,0):-1=[0.0]
(0,3,1):-1=[0.0]
(0,3,2):-1=[0.0]
(1,0,0):RECHARGE=[-2.7750336249310474]
(1,0,1):DODGE=[-2.744161907925949]
(1,0,2):DODGE=[-2.441619079669435]
(1,1,0):RECHARGE=[-2.358265443303619]
(1,1,1):SHOOT=[2.3612483187534474]
(1,1,2):SHOOT=[2.3627919046037027]
(1,2,0):RECHARGE=[-2.3565643487550463]
(1,2,1):SHOOT=[2.3820867278348192]
(1,2,2):SHOOT=[2.6180624159376724]
(1,3,0):RECHARGE=[-2.3565574055260163]
(1,3,1):SHOOT=[2.3821717825622475]
(1,3,2):SHOOT=[2.6191043363917412]
(2,0,0):RECHARGE=[-2.7751077166856013]
(2,0,1):DODGE=[-2.7450695468979363]
(2,0,2):DODGE=[-2.450695474210406]
(2,1,0):RECHARGE=[-2.3695924132416204]
(2,1,1):SHOOT=[2.2224929329191676]
(2,1,2):SHOOT=[2.225538427258806]
(2,2,0):RECHARGE=[-2.366236154483098]
(2,2,1):SHOOT=[2.263607107172738]
(2,2,2):SHOOT=[2.7291870625836308]
(2,3,0):RECHARGE=[-2.36621551228416]
(2,3,1):SHOOT=[2.2638599748380925]
(2,3,2):SHOOT=[2.732284691750378]
(3,0,0):RECHARGE=[-2.775107718324001]
(3,0,1):DODGE=[-2.7450695707202724]
(3,0,2):DODGE=[-2.450695716321624]
(3,1,0):RECHARGE=[-2.369592715396004]
(3,1,1):SHOOT=[2.2224892282495197]
(3,1,2):SHOOT=[2.22549304411909]
(3,2,0):RECHARGE=[-2.366282388186061]
(3,2,1):SHOOT=[2.263040743568119]
(3,2,2):SHOOT=[2.7222491080584343]
(3,3,0):RECHARGE=[-2.366255177738496]
(3,3,1):SHOOT=[2.263374072866542]
(3,3,2):SHOOT=[2.726332392537043]
(4,0,0):RECHARGE=[-2.775107718324001]
(4,0,1):DODGE=[-2.7450695707202724]
(4,0,2):DODGE=[-2.450695716321624]
(4,1,0):RECHARGE=[-2.369592715396004]
(4,1,1):SHOOT=[2.2224892281676]
(4,1,2):SHOOT=[2.2254930429279725]
(4,2,0):RECHARGE=[-2.3662823893960194]
(4,2,1):SHOOT=[2.2630407284603997]
(4,2,2):SHOOT=[2.7222489228208557]
(4,3,0):RECHARGE=[-2.3662553664448]
(4,3,1):SHOOT=[2.263371761120896]
(4,3,2):SHOOT=[2.726304073601426]


iteration= 8
(0,0,0):-1=[0.0]
(0,0,1):-1=[0.0]
(0,0,2):-1=[0.0]
(0,1,0):-1=[0.0]
(0,1,1):-1=[0.0]
(0,1,2):-1=[0.0]
(0,2,0):-1=[0.0]
(0,2,1):-1=[0.0]
(0,2,2):-1=[0.0]
(0,3,0):-1=[0.0]
(0,3,1):-1=[0.0]
(0,3,2):-1=[0.0]
(1,0,0):RECHARGE=[-2.7750336251326972]
(1,0,1):DODGE=[-2.7441619079669435]
(1,0,2):DODGE=[-2.441619079720639]
(1,1,0):RECHARGE=[-2.358265443365797]
(1,1,1):SHOOT=[2.361248318743365]
(1,1,2):SHOOT=[2.362791904601653]
(1,2,0):RECHARGE=[-2.356564348748315]
(1,2,1):SHOOT=[2.38208672783171]
(1,2,2):SHOOT=[2.6180624159371684]
(1,3,0):RECHARGE=[-2.3565574055055407]
(1,3,1):SHOOT=[2.382171782562584]
(1,3,2):SHOOT=[2.619104336391586]
(2,0,0):RECHARGE=[-2.7751077180855472]
(2,0,1):DODGE=[-2.745069547421041]
(2,0,2):DODGE=[-2.4506954745361185]
(2,1,0):RECHARGE=[-2.3695924136312994]
(2,1,1):SHOOT=[2.2224929328390877]
(2,1,2):SHOOT=[2.2255384272306005]
(2,2,0):RECHARGE=[-2.366236154515843]
(2,2,1):SHOOT=[2.263607107150145]
(2,2,2):SHOOT=[2.729187062579123]
(2,3,0):RECHARGE=[-2.366215512258636]
(2,3,1):SHOOT=[2.263859974836792]
(2,3,2):SHOOT=[2.7322846917490926]
(3,0,0):RECHARGE=[-2.775107720024102]
(3,0,1):DODGE=[-2.745069571632162]
(3,0,2):DODGE=[-2.450695716864578]
(3,1,0):RECHARGE=[-2.3695927160479586]
(3,1,1):SHOOT=[2.222489228094518]
(3,1,2):SHOOT=[2.22549304404734]
(3,2,0):RECHARGE=[-2.3662823882782718]
(3,2,1):SHOOT=[2.2630407435160373]
(3,2,2):SHOOT=[2.7222491080466806]
(3,3,0):RECHARGE=[-2.3662551777254466]
(3,3,1):SHOOT=[2.263374072860294]
(3,3,2):SHOOT=[2.726332392533309]
(4,0,0):RECHARGE=[-2.775107720024102]
(4,0,1):DODGE=[-2.745069571632162]
(4,0,2):DODGE=[-2.450695716869821]
(4,1,0):RECHARGE=[-2.369592716054512]
(4,1,1):SHOOT=[2.22248922799759]
(4,1,2):SHOOT=[2.225493042836784]
(4,2,0):RECHARGE=[-2.3662823895110883]
(4,2,1):SHOOT=[2.263040728394876]
(4,2,2):SHOOT=[2.722248922804605]
(4,3,0):RECHARGE=[-2.3662553664392245]
(4,3,1):SHOOT=[2.263371761110532]
(4,3,2):SHOOT=[2.7263040735955455]


iteration= 9
(0,0,0):-1=[0.0]
(0,0,1):-1=[0.0]
(0,0,2):-1=[0.0]
(0,1,0):-1=[0.0]
(0,1,1):-1=[0.0]
(0,1,2):-1=[0.0]
(0,2,0):-1=[0.0]
(0,2,1):-1=[0.0]
(0,2,2):-1=[0.0]
(0,3,0):-1=[0.0]
(0,3,1):-1=[0.0]
(0,3,2):-1=[0.0]
(1,0,0):RECHARGE=[-2.7750336251400096]
(1,0,1):DODGE=[-2.744161907972064]
(1,0,2):DODGE=[-2.4416190797223907]
(1,1,0):RECHARGE=[-2.358265443367847]
(1,1,1):SHOOT=[2.361248318743]
(1,1,2):SHOOT=[2.362791904601397]
(1,2,0):RECHARGE=[-2.3565643487484293]
(1,2,1):SHOOT=[2.3820867278316076]
(1,2,2):SHOOT=[2.6180624159371497]
(1,3,0):RECHARGE=[-2.3565574055051046]
(1,3,1):SHOOT=[2.3821717825625788]
(1,3,2):SHOOT=[2.6191043363915805]
(2,0,0):RECHARGE=[-2.7751077181553945]
(2,0,1):DODGE=[-2.7450695474536118]
(2,0,2):DODGE=[-2.4506954745482785]
(2,1,0):RECHARGE=[-2.369592413645499]
(2,1,1):SHOOT=[2.2224929328352294]
(2,1,2):SHOOT=[2.2255384272287166]
(2,2,0):RECHARGE=[-2.3662361545183055]
(2,2,1):SHOOT=[2.2636071071493324]
(2,2,2):SHOOT=[2.7291870625789114]
(2,3,0):RECHARGE=[-2.3662155122582296]
(2,3,1):SHOOT=[2.263859974836663]
(2,3,2):SHOOT=[2.7322846917490473]
(3,0,0):RECHARGE=[-2.7751077201310554]
(3,0,1):DODGE=[-2.7450695716864577]
(3,0,2):DODGE=[-2.450695716886226]
(3,1,0):RECHARGE=[-2.369592716073398]
(3,1,1):SHOOT=[2.2224892280856774]
(3,1,2):SHOOT=[2.225493044042996]
(3,2,0):RECHARGE=[-2.3662823882842825]
(3,2,1):SHOOT=[2.263040743514055]
(3,2,2):SHOOT=[2.7222491080460456]
(3,3,0):RECHARGE=[-2.3662551777256855]
(3,3,1):SHOOT=[2.263374072859871]
(3,3,2):SHOOT=[2.7263323925331697]
(4,0,0):RECHARGE=[-2.7751077201310554]
(4,0,1):DODGE=[-2.745069571686982]
(4,0,2):DODGE=[-2.4506957168925427]
(4,1,0):RECHARGE=[-2.369592716081283]
(4,1,1):SHOOT=[2.2224892279868946]
(4,1,2):SHOOT=[2.225493042831328]
(4,2,0):RECHARGE=[-2.3662823895186316]
(4,2,1):SHOOT=[2.2630407283922658]
(4,2,2):SHOOT=[2.7222489228036286]
(4,3,0):RECHARGE=[-2.3662553664399417]
(4,3,1):SHOOT=[2.263371761109854]
(4,3,2):SHOOT=[2.7263040735953163]


iteration= 10
(0,0,0):-1=[0.0]
(0,0,1):-1=[0.0]
(0,0,2):-1=[0.0]
(0,1,0):-1=[0.0]
(0,1,1):-1=[0.0]
(0,1,2):-1=[0.0]
(0,2,0):-1=[0.0]
(0,2,1):-1=[0.0]
(0,2,2):-1=[0.0]
(0,3,0):-1=[0.0]
(0,3,1):-1=[0.0]
(0,3,2):-1=[0.0]
(1,0,0):RECHARGE=[-2.7750336251405656]
(1,0,1):DODGE=[-2.7441619079722397]
(1,0,2):DODGE=[-2.441619079722452]
(1,1,0):RECHARGE=[-2.3582654433679173]
(1,1,1):SHOOT=[2.361248318742972]
(1,1,2):SHOOT=[2.362791904601388]
(1,2,0):RECHARGE=[-2.35656434874844]
(1,2,1):SHOOT=[2.382086727831604]
(1,2,2):SHOOT=[2.618062415937149]
(1,3,0):RECHARGE=[-2.3565574055050957]
(1,3,1):SHOOT=[2.382171782562578]
(1,3,2):SHOOT=[2.6191043363915805]
(2,0,0):RECHARGE=[-2.7751077181593966]
(2,0,1):DODGE=[-2.745069547454828]
(2,0,2):DODGE=[-2.4506954745487883]
(2,1,0):RECHARGE=[-2.3695924136460915]
(2,1,1):SHOOT=[2.222492932835002]
(2,1,2):SHOOT=[2.2255384272286465]
(2,2,0):RECHARGE=[-2.3662361545184196]
(2,2,1):SHOOT=[2.2636071071492996]
(2,2,2):SHOOT=[2.7291870625788985]
(2,3,0):RECHARGE=[-2.366215512258232]
(2,3,1):SHOOT=[2.263859974836657]
(2,3,2):SHOOT=[2.732284691749045]
(3,0,0):RECHARGE=[-2.775107720137538]
(3,0,1):DODGE=[-2.7450695716886226]
(3,0,2):DODGE=[-2.4506957168872594]
(3,1,0):RECHARGE=[-2.3695927160746137]
(3,1,1):SHOOT=[2.2224892280851534]
(3,1,2):SHOOT=[2.2254930440428273]
(3,2,0):RECHARGE=[-2.3662823882845614]
(3,2,1):SHOOT=[2.263040743513965]
(3,2,2):SHOOT=[2.722249108046008]
(3,3,0):RECHARGE=[-2.366255177725724]
(3,3,1):SHOOT=[2.263374072859851]
(3,3,2):SHOOT=[2.7263323925331635]
(4,0,0):RECHARGE=[-2.7751077201375796]
(4,0,1):DODGE=[-2.745069571689254]
(4,0,2):DODGE=[-2.450695716893718]
(4,1,0):RECHARGE=[-2.369592716082674]
(4,1,1):SHOOT=[2.222489227986244]
(4,1,2):SHOOT=[2.225493042831106]
(4,2,0):RECHARGE=[-2.3662823895189917]
(4,2,1):SHOOT=[2.263040728392135]
(4,2,2):SHOOT=[2.72224892280357]
(4,3,0):RECHARGE=[-2.3662553664400106]
(4,3,1):SHOOT=[2.2633717611098225]
(4,3,2):SHOOT=[2.7263040735953052]


10
