iteration= 1
(0,0,0):-1=[0.0]
(0,0,1):-1=[0.0]
(0,0,2):-1=[0.0]
(0,1,0):-1=[0.0]
(0,1,1):-1=[0.0]
(0,1,2):-1=[0.0]
(0,2,0):-1=[0.0]
(0,2,1):-1=[0.0]
(0,2,2):-1=[0.0]
(0,3,0):-1=[0.0]
(0,3,1):-1=[0.0]
(0,3,2):-1=[0.0]
(1,0,0):RECHARGE=[-2.5]
(1,0,1):RECHARGE=[-2.5]
(1,0,2):RECHARGE=[-2.5]
(1,1,0):RECHARGE=[-2.5]
(1,1,1):SHOOT=[2.375]
(1,1,2):SHOOT=[2.375]
(1,2,0):RECHARGE=[-2.5]
(1,2,1):SHOOT=[2.375]
(1,2,2):SHOOT=[2.61875]
(1,3,0):RECHARGE=[-2.5]
(1,3,1):SHOOT=[2.375]
(1,3,2):SHOOT=[2.61875]
(2,0,0):RECHARGE=[-2.5]
(2,0,1):RECHARGE=[-2.5]
(2,0,2):RECHARGE=[-2.5]
(2,1,0):RECHARGE=[-2.5]
(2,1,1):SHOOT=[2.25]
(2,1,2):SHOOT=[2.25]
(2,2,0):RECHARGE=[-2.5]
(2,2,1):SHOOT=[2.25]
(2,2,2):SHOOT=[2.73125]
(2,3,0):RECHARGE=[-2.5]
(2,3,1):SHOOT=[2.25]
(2,3,2):SHOOT=[2.73125]
(3,0,0):RECHARGE=[-2.5]
(3,0,1):RECHARGE=[-2.5]
(3,0,2):RECHARGE=[-2.5]
(3,1,0):RECHARGE=[-2.5]
(3,1,1):SHOOT=[2.25]
(3,1,2):SHOOT=[2.25]
(3,2,0):RECHARGE=[-2.5]
(3,2,1):SHOOT=[2.25]
(3,2,2):SHOOT=[2.7249999999999996]
(3,3,0):RECHARGE=[-2.5]
(3,3,1):SHOOT=[2.25]
(3,3,2):SHOOT=[2.7249999999999996]
(4,0,0):RECHARGE=[-2.5]
(4,0,1):RECHARGE=[-2.5]
(4,0,2):RECHARGE=[-2.5]
(4,1,0):RECHARGE=[-2.5]
(4,1,1):SHOOT=[2.25]
(4,1,2):SHOOT=[2.25]
(4,2,0):RECHARGE=[-2.5]
(4,2,1):SHOOT=[2.25]
(4,2,2):SHOOT=[2.7249999999999996]
(4,3,0):RECHARGE=[-2.5]
(4,3,1):SHOOT=[2.25]
(4,3,2):SHOOT=[2.7249999999999996]


iteration= 2
(0,0,0):-1=[0.0]
(0,0,1):-1=[0.0]
(0,0,2):-1=[0.0]
(0,1,0):-1=[0.0]
(0,1,1):-1=[0.0]
(0,1,2):-1=[0.0]
(0,2,0):-1=[0.0]
(0,2,1):-1=[0.0]
(0,2,2):-1=[0.0]
(0,3,0):-1=[0.0]
(0,3,1):-1=[0.0]
(0,3,2):-1=[0.0]
(1,0,0):RECHARGE=[-2.75]
(1,0,1):RECHARGE=[-2.75]
(1,0,2):DODGE=[-2.4430000000000005]
(1,1,0):RECHARGE=[-2.3600000000000003]
(1,1,1):SHOOT=[2.3625]
(1,1,2):SHOOT=[2.3625]
(1,2,0):RECHARGE=[-2.3600000000000003]
(1,2,1):SHOOT=[2.3819999999999997]
(1,2,2):SHOOT=[2.618125]
(1,3,0):RECHARGE=[-2.3600000000000003]
(1,3,1):SHOOT=[2.3819999999999997]
(1,3,2):SHOOT=[2.6191]
(2,0,0):RECHARGE=[-2.75]
(2,0,1):RECHARGE=[-2.75]
(2,0,2):DODGE=[-2.451]
(2,1,0):RECHARGE=[-2.37]
(2,1,1):SHOOT=[2.2249999999999996]
(2,1,2):SHOOT=[2.2249999999999996]
(2,2,0):RECHARGE=[-2.37]
(2,2,1):SHOOT=[2.2635]
(2,2,2):SHOOT=[2.729375]
(2,3,0):RECHARGE=[-2.37]
(2,3,1):SHOOT=[2.2635]
(2,3,2):SHOOT=[2.732275]
(3,0,0):RECHARGE=[-2.75]
(3,0,1):RECHARGE=[-2.75]
(3,0,2):DODGE=[-2.451]
(3,1,0):RECHARGE=[-2.37]
(3,1,1):SHOOT=[2.2249999999999996]
(3,1,2):SHOOT=[2.2249999999999996]
(3,2,0):RECHARGE=[-2.37]
(3,2,1):SHOOT=[2.263]
(3,2,2):SHOOT=[2.7225]
(3,3,0):RECHARGE=[-2.37]
(3,3,1):SHOOT=[2.263]
(3,3,2):SHOOT=[2.726325]
(4,0,0):RECHARGE=[-2.75]
(4,0,1):RECHARGE=[-2.75]
(4,0,2):DODGE=[-2.451]
(4,1,0):RECHARGE=[-2.37]
(4,1,1):SHOOT=[2.2249999999999996]
(4,1,2):SHOOT=[2.2249999999999996]
(4,2,0):RECHARGE=[-2.37]
(4,2,1):SHOOT=[2.263]
(4,2,2):SHOOT=[2.7225]
(4,3,0):RECHARGE=[-2.37]
(4,3,1):SHOOT=[2.263]
(4,3,2):SHOOT=[2.7263]


iteration= 3
(0,0,0):-1=[0.0]
(0,0,1):-1=[0.0]
(0,0,2):-1=[0.0]
(0,1,0):-1=[0.0]
(0,1,1):-1=[0.0]
(0,1,2):-1=[0.0]
(0,2,0):-1=[0.0]
(0,2,1):-1=[0.0]
(0,2,2):-1=[0.0]
(0,3,0):-1=[0.0]
(0,3,1):-1=[0.0]
(0,3,2):-1=[0.0]
(1,0,0):RECHARGE=[-2.7750000000000004]
(1,0,1):DODGE=[-2.7443]
(1,0,2):DODGE=[-2.4415688]
(1,1,0):RECHARGE=[-2.3582]
(1,1,1):SHOOT=[2.36125]
(1,1,2):SHOOT=[2.3627849999999997]
(1,2,0):RECHARGE=[-2.35664]
(1,2,1):SHOOT=[2.38209]
(1,2,2):SHOOT=[2.6180624999999997]
(1,3,0):RECHARGE=[-2.35664]
(1,3,1):SHOOT=[2.382168]
(1,3,2):SHOOT=[2.6191044999999997]
(2,0,0):RECHARGE=[-2.7750000000000004]
(2,0,1):DODGE=[-2.7451]
(2,0,2):DODGE=[-2.4505416]
(2,1,0):RECHARGE=[-2.3694]
(2,1,1):SHOOT=[2.2225]
(2,1,2):SHOOT=[2.22553]
(2,2,0):RECHARGE=[-2.36632]
(2,2,1):SHOOT=[2.2636199999999995]
(2,2,2):SHOOT=[2.7291875]
(2,3,0):RECHARGE=[-2.36632]
(2,3,1):SHOOT=[2.263852]
(2,3,2):SHOOT=[2.7322855]
(3,0,0):RECHARGE=[-2.7750000000000004]
(3,0,1):DODGE=[-2.7451]
(3,0,2):DODGE=[-2.4505416]
(3,1,0):RECHARGE=[-2.3694]
(3,1,1):SHOOT=[2.2225]
(3,1,2):SHOOT=[2.2254899999999997]
(3,2,0):RECHARGE=[-2.36636]
(3,2,1):SHOOT=[2.2630600000000003]
(3,2,2):SHOOT=[2.72225]
(3,3,0):RECHARGE=[-2.36636]
(3,3,1):SHOOT=[2.263366]
(3,3,2):SHOOT=[2.726334]
(4,0,0):RECHARGE=[-2.7750000000000004]
(4,0,1):DODGE=[-2.7451]
(4,0,2):DODGE=[-2.4505416]
(4,1,0):RECHARGE=[-2.3694]
(4,1,1):SHOOT=[2.2225]
(4,1,2):SHOOT=[2.2254899999999997]
(4,2,0):RECHARGE=[-2.36636]
(4,2,1):SHOOT=[2.2630600000000003]
(4,2,2):SHOOT=[2.72225]
(4,3,0):RECHARGE=[-2.36636]
(4,3,1):SHOOT=[2.263364]
(4,3,2):SHOOT=[2.726306]


iteration= 4
(0,0,0):-1=[0.0]
(0,0,1):-1=[0.0]
(0,0,2):-1=[0.0]
(0,1,0):-1=[0.0]
(0,1,1):-1=[0.0]
(0,1,2):-1=[0.0]
(0,2,0):-1=[0.0]
(0,2,1):-1=[0.0]
(0,2,2):-1=[0.0]
(0,3,0):-1=[0.0]
(0,3,1):-1=[0.0]
(0,3,2):-1=[0.0]
(1,0,0):RECHARGE=[-2.7750440000000003]
(1,0,1):DODGE=[-2.7441568800000002]
(1,0,2):DODGE=[-2.4416178860800004]
(1,1,0):RECHARGE=[-2.358264]
(1,1,1):SHOOT=[2.3612478]
(1,1,2):SHOOT=[2.3627921560000003]
(1,2,0):RECHARGE=[-2.3565656]
(1,2,1):SHOOT=[2.3820867999999997]
(1,2,2):SHOOT=[2.61806239]
(1,3,0):RECHARGE=[-2.3565593600000003]
(1,3,1):SHOOT=[2.38217172]
(1,3,2):SHOOT=[2.61910434]
(2,0,0):RECHARGE=[-2.775108]
(2,0,1):DODGE=[-2.7450541600000005]
(2,0,2):DODGE=[-2.4506916985600005]
(2,1,0):RECHARGE=[-2.3695880000000002]
(2,1,1):SHOOT=[2.2224924]
(2,1,2):SHOOT=[2.2255394479999997]
(2,2,0):RECHARGE=[-2.3662368000000003]
(2,2,1):SHOOT=[2.2636074]
(2,2,2):SHOOT=[2.72918701]
(2,3,0):RECHARGE=[-2.3662182400000003]
(2,3,1):SHOOT=[2.26385988]
(2,3,2):SHOOT=[2.73228471]
(3,0,0):RECHARGE=[-2.775108]
(3,0,1):DODGE=[-2.7450541600000005]
(3,0,2):DODGE=[-2.4506916985600005]
(3,1,0):RECHARGE=[-2.3695880000000002]
(3,1,1):SHOOT=[2.2224892]
(3,1,2):SHOOT=[2.2254945839999998]
(3,2,0):RECHARGE=[-2.3662824000000002]
(3,2,1):SHOOT=[2.2630412]
(3,2,2):SHOOT=[2.72224908]
(3,3,0):RECHARGE=[-2.3662579200000002]
(3,3,1):SHOOT=[2.26337404]
(3,3,2):SHOOT=[2.72633243]
(4,0,0):RECHARGE=[-2.775108]
(4,0,1):DODGE=[-2.7450541600000005]
(4,0,2):DODGE=[-2.4506916985600005]
(4,1,0):RECHARGE=[-2.3695880000000002]
(4,1,1):SHOOT=[2.2224892]
(4,1,2):SHOOT=[2.2254945839999998]
(4,2,0):RECHARGE=[-2.3662824000000002]
(4,2,1):SHOOT=[2.2630412]
(4,2,2):SHOOT=[2.72224892]
(4,3,0):RECHARGE=[-2.3662580799999997]
(4,3,1):SHOOT=[2.26337176]
(4,3,2):SHOOT=[2.72630412]


4
